(입력)

3                                               ← 3 test cases in total 
10 3                                            ← 1st case 
175 182 178 179 170 179 171 185 185 181 
3 7 175 
1 10 180 
1 10 179 
7 5                                            ← 2nd case 
183 176 175 183 174 182 186 
1 4 176 
2 6 177 
1 7 180 
1 7 160 
5 7 180 
2 2                                            ← 3rd case 
161 168 
1 2 175 
1 2 188 





(출력)

#1 3 4 4 
#2 2 2 4 7 2 
#3 0 0 

