[입출력 예]
(입력)
5
6 10 2
1 3 15
4 6 20
8 10 15
1 5 25
9 10 10
5 9 30
6 10 3
1 3 15
4 6 20
8 10 15
1 5 25
9 10 10
5 9 30
4 10 2
1 8 12
1 4 1
7 9 11
3 10 13
4 10 2
1 8 14
1 4 2
7 9 11
3 10 13
4 10 2
1 7 14
1 4 8
7 9 7
3 10 13

(출력)
#1 45
#2 35
#3 13
#4 14
#5 15


(sample_input.txt에 대한 출력)
#1 45
#2 35
#3 13
#4 14
#5 15
#6 8
#7 9
#8 0
#9 114
#10 241
#11 1354
#12 1146
#13 17823
#14 4839
#15 659468
#16 12554
#17 30736
#18 15548967605
#19 998982
#20 58234739

