(입력)

3
5 6
4 5 6 2 2 7
8 1 2 2 2 9
1 1 1 2 3 3
10 1 11 3 3 3
12 13 14 3 3 15
7 7
4 4 1 1 1 7 7 
4 4 1 1 1 7 7 
1 1 1 1 1 7 7 
8 8 1 2 2 3 5 
8 8 1 2 3 3 5 
8 8 2 2 3 3 5 
8 8 8 6 6 6 5 
7 7
4 4 1 1 1 7 7 
4 4 1 8 8 7 7 
1 1 1 1 1 7 7 
9 9 1 2 2 3 5 
9 9 1 2 3 3 5 
9 9 2 2 3 3 5 
9 9 9 6 6 6 5 





(출력)

#1 1 1 1
#2 10 1 0
#3 14 0 1




(sample_input.txt에 대한 출력)

#1 1 1 1
#2 10 1 0
#3 14 0 1
#4 7 1 1
#5 29 0 0
#6 0 12 0
#7 0 0 9
#8 27 2 1
#9 71 2 0
#10 80 8 1
#11 419 74 3
#12 635 23 0
#13 2559 127 4
#14 4807 200 5
#15 34994 4183 161
