(입력)

5 
10 15 3    // 1번째 케이스 
1 4 6 
6 0 9 
7 4 3 
4 6 3 
0 8 8 
5 8 1 
5 0 5 
0 7 5 
7 8 3 
2 5 7 
4 3 6 
9 3 1 
9 5 4 
2 3 4 
3 5 2 
1 4 6 
6 7 3 
8 2 5 
10 15 3    // 2번째 케이스 
1 4 6 
6 0 9 
7 4 3 
4 6 3 
0 8 8 
5 8 1 
5 0 5 
0 7 5 
7 8 3 
2 5 7 
4 3 6 
7 5 9 
2 3 4 
3 5 2 
6 7 3 
1 4 6 
8 2 5 
9 3 1 
10 15 3    // 3번째 케이스 
1 4 6 
6 0 9 
7 4 3 
4 6 3 
0 8 8 
5 8 1 
5 0 5 
0 7 5 
7 8 3 
2 5 7 
4 3 6 
9 3 1 
9 5 4 
2 3 4 
3 5 2 
1 4 6 
6 7 7 
8 2 5 
4 4 1     // 4번째 케이스 
0 1 3 
0 2 7 
2 3 9 
3 2 2 
1 2 10 
4 2 1     // 5번째 케이스 
1 2 9 
0 3 300 
1 2 10


(출력) 
#1 6 1 
#2 NO 
#3 BUG 
#4 -5 1 
#5 BUG 


(sample_input.txt에 대한 출력) 
#1 6 1 
#2 NO 
#3 BUG 
#4 -5 1 
#5 BUG 
#6 -999000000 999 
#7 0 1 
#8 -8392371 333 
#9 NO 
#10 BUG 
